16
245
224
196
147
203
9
210
37
182
231
23
225
30
17
168
246
232
238
18
189
169
175
24
217
190
154
44
45
197
126
183
170
198
72
31
199
226
140
247
38
2
234
10
211
218
19
58
148
176
200
51
32
46
180
212
20
213
133
177
248
214
73
162
74
171
155
33
79
127
11
219
149
191
25
249
3
192
201
193
39
227
52
233
26
194
239
250
40
235
195
228
178
12
202
47
184
21
179
59
41
4
251
42
172
53
220
128
43
204
205
221
120
252
141
206
80
5
54
60
161
236
13
163
55
207
114
78
14
229
215
230
208
240
48
237
185
209
27
181
216
49
156
15
22
134
241
222
223
242
243
186
244
253
65
187
6
28
138
173
254
255
75
61
7
29
174
112
34
256
188
257
258
35
259
260
261
262
263
157
164
264
265
266
36
56
8
267
268
57
269
150
165
270
271
50
62
63
272
273
promedio: 147
