41
4
-1
-1
172
53
220
-1
-1
204
-1
221
-1
252
141
206
-1
-1
54
-1
-1
-1
13
-1
55
-1
-1
78
14
229
-1
-1
208
-1
48
-1
185
-1
27
181
-1
49
-1
15
-1
134
-1
222
-1
-1
243
186
244
253
-1
-1
-1
-1
-1
-1
254
-1
-1
-1
7
29
174
-1
-1
-1
-1
-1
258
35
259
-1
-1
-1
263
157
164
-1
265
-1
-1
-1
-1
-1
-1
-1
-1
150
165
-1
271
50
62
-1
272
273
-1
-1
-1
-1
-1
-1
-1
-1
-1
-1
-1
-1
-1
-1
-1
-1
-1
-1
-1
-1
-1
-1
-1
-1
-1
-1
-1
-1
-1
-1
-1
-1
-1
-1
-1
-1
-1
-1
-1
-1
-1
-1
-1
-1
-1
-1
-1
-1
-1
-1
-1
-1
-1
-1
-1
-1
-1
-1
-1
-1
-1
-1
-1
-1
-1
-1
-1
-1
-1
-1
-1
-1
-1
-1
-1
-1
-1
-1
-1
-1
-1
-1
-1
-1
-1
-1
-1
-1
-1
-1
-1
-1
-1
-1
-1
-1
-1
-1
-1
-1
promedioExitos: 150
Fracasos: 153
